,P1_1,P1_2,P1_3,P1_4,P2,P3_1,P3_2,P3_3,P3_4,P3_5,P3_6,P3_7,P3_8,P3_9,P3_10,P4_1,P4_2,P4_3,P4_4,P4_5,P4_6,P4_7,P4_8,P4_9,P4_10,P4_11,P4_12,P4_13,P4_14,P5_1,P5_2,P5_3,P5_4,P5_5,P5_6,P6_1,P6_2,P6_3,P6_4,P6_5,P6_6,P6_7,P6_8,P6_9,P7_1,P7_2,P7_3,P7_4,P7_5,P7_6,P7_7,P7_8,P7_9,P9_1,P9_2,P9_3,P9_4,P9_5,P9_6,P9_7,P11,P12,P13,P14,P15,P18,P19,P22,P24_1,P24_2,P24_3,P24_4,P24_5,P25,P26_1,P26_2,P26_3,P26_4,P26_5,P26_6,P26_7,P26_8,P26_9,P30_1,P30_2,P30_3,P30_4,P30_5,P30_6,P30_7,P30_8,P30_9,P31,P35,P36,P37_1,P37_2,P37_3,P37_4,P37_5,P37_6,P37_7,P37_8,P37_9,P37_10,P37_11,P37_12,P37_13,P37_14,P37_15,P37_16
P1_1,1.0,0.4957111733784237,0.46313170217406496,0.49920226081281366,0.2598342594165542,0.16659585861336776,0.21843190660611495,0.1406393458294406,0.11600747451269809,0.1419035066859609,0.13852107218439427,0.120112951760453,0.1458733836213133,0.12473601313678258,0.16535842054060243,0.18895046334384524,0.24515744593165953,0.2231360370951872,0.24553796566057415,0.2362055137729197,0.2566272850109002,0.23658512745091215,0.24129721088133801,0.2256813883291281,0.17198232442548472,0.2795274577391535,0.24743590903321486,0.2710680573350768,0.23282145394934264,0.006859915246176915,0.0658345101497916,0.03703355314742672,0.07561092948926959,0.10733938382677004,0.06896555990665995,0.09996990828270143,0.14084880987968584,0.11148597675701746,0.09518714084750633,0.16244700596750627,0.08609997611524059,0.13714089374745847,0.17616373301357474,0.10767072927421407,0.13696530443736782,0.06938285729445107,0.12993111864984616,0.09475206374554944,0.16290331852341833,0.08387688286979587,0.13065544594304676,0.1807679776787722,0.1497168019601743,0.055653578104904365,0.12047833356936917,0.07030647289040336,0.10416740582571352,0.10334236851825987,0.08087979271718163,0.0839138328712147,0.0635792166864892,0.07323496751997706,0.1412084586056566,0.07628047411362275,-0.024088878552854687,0.15234698320036355,0.022531831074792348,0.2212719417407735,0.19747842317386513,0.1891806817161231,0.17232336186093852,0.14653277837524156,0.1582947431295734,0.17892413028257648,0.057391627382525415,0.04854865769830441,0.03094841509018901,0.027632715471938966,0.07806244464953743,-0.007595447569588384,0.07037504425864617,-0.05432539265061514,0.024886093160746338,0.02157132628421508,0.00668654314219754,0.08347387005806117,-0.036475747766644605,-0.0248531614983756,0.07043790797680587,0.05451996055342781,0.033206404543584936,-0.026078481610009637,0.021057597199641183,0.13595639634571566,0.08369631300457911,0.08086658542196708,-0.016120380408080552,0.02490780756381692,0.03338532689698888,-0.006299005863493796,0.05209627900381972,0.07083259688706475,-0.0032315673479785378,-0.028730283732608865,0.07400282095125206,-0.0700721072791456,-0.041962914110794045,0.03312863235206576,-0.04439478764011208,0.022728159894101502,-0.05237595397032433
P1_2,0.4957111733784237,1.0,0.41387869084987666,0.4427083088236149,0.27882964617872563,0.1817780479687971,0.22921330596237283,0.11292103590277323,0.1706818078053607,0.11978897847029199,0.1504974878077703,0.09835429223403289,0.14904396027474293,0.13070085393940747,0.16865459483790352,0.18051016203898496,0.2248929837191243,0.18997059009674633,0.20701400360442293,0.20781769470959718,0.19586476382531245,0.20001011740961686,0.19968217235489555,0.19905258704577983,0.15238881077453778,0.23435027823257729,0.2415543423618604,0.251433654882476,0.21056781378635822,0.07242152378689763,0.07481811987564484,0.04791851842239012,0.09846955177252123,0.08650496259763323,0.08159614379095008,0.10459335620557605,0.16789232431405757,0.09976686465751598,0.07326425147467919,0.1445940270485135,0.06626327689173603,0.11844317617651726,0.14803314889133684,0.12324217340178244,0.12219363164394156,0.11450002666081796,0.1565454917396676,0.07733710224462281,0.16498434706815604,0.11435291689531081,0.13305599141870422,0.14141283358207146,0.17799094504998192,0.05246030910012822,0.12192755858183002,0.05147768636772183,0.118803686279607,0.11706977614401759,0.09794789155981047,0.10138706850702103,0.0574632931131887,0.07997194792079775,0.12286410187336069,0.08251923390011029,0.08291389070760395,0.11317352957690525,0.030647741265693283,0.2002637201575959,0.12778687067692648,0.14508670830674028,0.14445258277450515,0.12516639348454903,0.15110218780003432,0.15674317024686596,0.09342515729712497,0.011017073304769687,0.013036270330610522,-0.011020510425403609,0.08229873642007966,-0.03348889889991313,0.08637101353218032,-0.0635751266344891,0.042064590302397106,0.01802507000549385,-0.015828945145606104,0.0813392795371204,0.0015157542449246483,-0.0698283708207805,0.03425605952124559,0.06706863709222109,0.05847321089666852,-0.03780958567064411,0.08134755613501937,0.1343842992214132,0.11417614561205867,0.0817757759748193,-0.035915420666103044,0.06857060132593622,0.06868812408556864,-0.02441657903329301,0.0792847725713828,0.08277864170558051,-0.014291916418475683,-0.0607874548217459,0.04804334875405998,-0.07917666160023097,-0.08046417689681243,0.03947769942717065,-0.03909980721060382,0.05098106383671576,-0.02815213362592707
P1_3,0.46313170217406496,0.41387869084987666,1.0,0.4279076115178783,0.22104338654025119,0.13694587821618107,0.1674089116203116,0.053382331908707385,0.10511966666257724,0.11689455078542194,0.12998879443699266,0.09297727592444076,0.11736751253531262,0.10045832638666893,0.15530111774919667,0.1574254763950752,0.23607403459162224,0.17746280326610198,0.20511192558971097,0.2028774738997083,0.24301794122685752,0.1829211683628006,0.2220578970955783,0.22363594009332624,0.13486147854582123,0.3214677797110589,0.24985626374642855,0.24307407814895346,0.20958524567278905,-0.019614954091187485,0.05827832387171505,0.04093357514908606,0.03813439567427358,0.051611457121611005,0.06269660702127106,0.09266565747542589,0.11990311655675054,0.08760663639212159,0.09949790967049309,0.11235397794616067,0.0872119667465258,0.10541116642716238,0.15897580569542763,0.07345461212768566,0.12330720635632701,0.09551236890504562,0.10737692064990426,0.10697386777943695,0.13229026097620109,0.1077033330426114,0.10787232142950985,0.16575041434614535,0.11480201260787525,0.0505293642122822,0.0974173021144331,0.08133968955647661,0.10977186874475306,0.07790790434249326,0.026282201106696823,0.03937515739941122,0.05098848915405508,0.05694510419011215,0.11311179158259367,0.07116017741855281,-0.0057191050445298056,0.13527741658848066,0.008112851606453968,0.1981669744173801,0.1391839001262722,0.15696617202109744,0.12167245674186533,0.11438064915707322,0.11553931852138802,0.12102392123521931,0.08197446759253213,0.011656412047148861,0.008046344228917536,-0.0031988487680108487,0.04335277229513236,-0.0314420332073344,0.05018590243455517,-0.06476171446634081,0.027815313665675134,0.011374303228244377,-0.02153514997418658,0.05127094532895554,-0.016099255653592374,-0.037991885862572385,0.04213833067492149,0.06683224815445214,0.04416417091698832,-0.031784346392337105,0.029162850434186406,0.09333682003201225,0.06585161159625516,0.03153340807483458,-0.012729851651379314,0.004551846177455146,0.040067349546228016,-0.02802005579033545,0.017350201241352566,0.042185128348484854,0.027849245107185786,-0.033986869191234156,0.019656217622378347,-0.026767724590897126,-0.061952068190576054,0.02535231662368773,-0.03767539746766852,0.02043487887408525,-0.0448762467454245
P1_4,0.49920226081281366,0.4427083088236149,0.4279076115178783,1.0,0.2504497703853741,0.10934194868889931,0.28034119186069173,0.12421593179648369,0.14117464416333456,0.10618244368397865,0.14522525956247379,0.08388901629947122,0.14065578944875906,0.11679533694476461,0.17393826303293033,0.1877025332806187,0.21676038150710322,0.19908930309105574,0.21977945559439235,0.19599781910476302,0.2100273989284354,0.1539321925677198,0.22491016869090658,0.1945438122335336,0.15034110796385974,0.2645502330402197,0.22561043472619746,0.2536055595074505,0.17928561217564104,0.01863031803281705,0.09688630913799356,0.05682774000202911,0.058882763877992426,0.11848983064253439,0.07507203654580386,0.06440128430797061,0.17945969336251288,0.07232692704311851,0.06943827901768213,0.12827735054189793,0.04730361660984753,0.05339807801850913,0.18971710762675173,0.0617000444614035,0.09716162414502567,0.08752016793769204,0.10853726490218527,0.06162762886755277,0.15605777011689612,0.10525677736807125,0.08717005378661692,0.1923689267540324,0.1475339637523296,0.03515321236184316,0.09100683732117704,0.05299340017286986,0.11136822465618934,0.103378098279385,0.024948957126999176,0.051690428018932116,0.058819080481836414,0.09541959129817876,0.12787072580682435,0.04530201151357192,0.02799901316356617,0.14840868881402022,0.013571240508367848,0.19558315760718994,0.1319766920725796,0.1503986936383912,0.1322609823358946,0.14112047273820785,0.14283712760925002,0.16151822027403642,0.049905759872258953,-0.007700087033748859,0.026426431782634933,0.005405937371620173,0.04947348580611823,-0.020929525923122305,0.02049270794580437,-0.06311127378853919,0.04566217223531327,-0.01755934644631813,-0.006042539475588828,0.07527621965312524,-0.022103065199601354,-0.024427694837897074,0.019768607169759683,0.03974229121903598,0.03765637832125176,-0.03185683934040385,0.0017543017078584372,0.14725108191156905,0.08926526402797962,0.05826874694055156,-0.02304880356919721,0.02675505502442707,0.04594619357798648,-0.02135823455501061,0.05569173288433606,0.047345144263449636,0.005521736807486511,-0.08557321847228919,0.04080787260116613,-0.09025747780282307,-0.05109712566461868,0.05081249568863766,-0.04542193065278871,0.020808731841827282,-0.04504433020904915
P2,0.2598342594165542,0.27882964617872563,0.22104338654025119,0.2504497703853741,1.0,0.09766123454735917,0.17557390780694834,0.13041538878333697,0.17124452565975104,0.07307928376447803,0.14648177804004558,0.10518920801821983,0.1380542596197076,0.16117000374640103,0.14199288681092245,0.11539897565996975,0.19424603779592953,0.18508021863750035,0.19880938151304567,0.14737780364384515,0.16649679353660765,0.16992364674075605,0.17171654203455095,0.13738114304497828,0.17771598708794065,0.18488646945901788,0.21209168012501387,0.1824326366271649,0.1604810227661785,0.05685478241734706,0.08189833796729493,0.0913439183522516,0.06054256408169016,0.10442419979190777,0.08792710629109,0.12412758039711903,0.12942195706257434,0.12702080207261554,0.013994399331378674,0.16054491327431683,0.10590491086707979,0.0954175375608257,0.11380548465933535,0.14833060898621794,0.100871397986584,0.07272276389726028,0.12354556943989979,0.021767559634345197,0.16305934514411274,0.13247117362813296,0.14546132254461866,0.10014045146194875,0.1605416562508809,0.096904797452308,0.07879063964657299,0.027299610382699922,0.09955484942697986,0.07969243974123007,0.1222430020767975,0.09998864612293636,0.05640801710630722,0.038076401804452285,0.06983675770221838,0.07226595586810618,0.0604604678184907,0.11290439632030722,0.07297997892474105,0.20322466029822847,0.1474897636048796,0.16127359373806704,0.13493442495231406,0.14197220819335646,0.13954449468300445,0.16823735057010444,0.1060872142702307,0.0330360446013421,0.03883205216310511,0.007610617823877729,0.050711943403338386,-0.005154719887433273,0.0397484806925421,-0.011655940466211713,0.08028278924958072,0.05586472417230877,0.06881426961500997,0.06441638437644696,0.022918269716831103,0.02790757261258185,0.049792368099344377,0.043385788786826814,0.016805589479475618,0.027921464991553086,0.04900196619035552,0.1148842011133972,0.12499787657990415,0.03183474711472496,-0.03750663455593617,0.06400913938429265,0.032417345244401305,-0.045862668601873394,0.06268859111654963,0.008260003753962266,-0.04116315212239296,-0.021903042313038686,0.02396224443883596,-0.050284211029934765,-0.08346796734187409,0.022745652965530463,-0.03321244336784548,0.03000591090224469,-0.009925357278517016
P3_1,0.16659585861336776,0.1817780479687971,0.13694587821618107,0.10934194868889931,0.09766123454735917,1.0,0.2879426595058039,0.32636780818854605,0.35311097061380453,0.2667387379488529,0.40488091878948707,0.41506126559283124,0.33723637917858007,0.3900986325250942,0.3756444140695313,0.23478738437873967,0.24165513742640674,0.24623877427489663,0.24090398145119174,0.13008743098183326,0.22750171117732415,0.3071359590991839,0.2563093343822257,0.1257827335092223,0.24227336343345246,0.20233758394013307,0.26151170844643223,0.17615476121852577,0.20450658628714183,0.13670550800664003,0.08513165154957203,0.12988631195448203,0.12745370257376698,0.14041525356114312,0.09635571993859106,0.26228420462720287,0.22254957199713632,0.24135614417893103,0.1035427869010702,0.2790139811518263,0.2080153103884986,0.33023679440414233,0.1744107667794465,0.25185434043011534,0.2530931773312698,0.15567978473623395,0.20127688646692954,0.09338030173478241,0.23132761429142823,0.20585627419062652,0.28970540981305165,0.16072219458766013,0.22115475870765855,0.1084198529834798,0.13372970098614975,0.10688124085105573,0.1306196893852689,0.1115069021591554,0.1506270306006728,0.15972749652219537,0.20752425412193648,0.20630643850000902,0.12921140244627877,0.19203188712497812,0.087877239461441,0.06440822012829828,0.10451385337336501,0.0779560329239362,0.13422114669219715,0.1017621432434916,0.1710836200046132,0.11369376856282709,0.14028185472887775,0.1608885549690559,0.11304435671797826,0.004146557095360055,0.11337280460902624,-0.012604170765213741,0.04031074130848988,-0.013189187694820144,-0.019914015951124204,0.0030707827747795203,0.10606712009096445,0.10852521973595272,0.08363366382945499,0.017221564597101155,0.05481936374609742,0.01756992523229157,0.028321645088357245,0.06369746854429537,0.051965746105616925,-0.02390378789950751,0.1336557699960574,0.17385239967465813,0.11764958636220817,0.047109362782704604,-0.011693578803523749,0.05618677955742942,0.10033339400039593,-0.02385635525080969,0.07409385080658726,0.03782724339433896,-0.05043000306859449,-0.027338472388996757,0.06465076916659766,-0.02432800716090975,-0.07882602403852479,0.08995200805154821,-0.033099872046327895,0.10824099109988461,-0.02448982103049881
P3_2,0.21843190660611495,0.22921330596237283,0.1674089116203116,0.28034119186069173,0.17557390780694834,0.2879426595058039,1.0,0.341550590489989,0.3550409588005036,0.20120928023600046,0.3335124980884667,0.23898943630063715,0.2817445447223297,0.3185592916379064,0.4333100096369639,0.2112852758393158,0.23073656288035235,0.19017564784948668,0.21401352347874003,0.18233407905835047,0.22145901265849252,0.18620341834385218,0.24337860534856795,0.14577228790558902,0.18915011306655705,0.2348158297889769,0.2251960582395391,0.1923628397403322,0.18621274372068258,0.10657458707923272,0.08243098116814324,0.0981626033360146,0.0858226587884608,0.14651696475080236,0.07049828585888045,0.11761454997955503,0.2957198510294997,0.16912031492822424,0.03514252922321289,0.17664360343693594,0.1385309739884286,0.11444493550606626,0.18083465311264404,0.11360504032461587,0.0913070222994913,0.15362784947349067,0.13912785982324455,0.013599185273517143,0.19336427190489275,0.16734106238281476,0.13223597552428426,0.14721312617077079,0.13546922171904643,0.055783486449959105,0.029684427864452766,0.02338148674402687,0.0739883710737788,0.04269807996931558,0.10625855751585347,0.10262465693754452,0.1660175950947197,0.20371161815600758,0.14862398686913753,0.09958471384839476,0.06024912029412715,0.14023747541848847,0.07193574937687987,0.12924082812949686,0.16197583269719235,0.16098926216057594,0.18218884260794796,0.17940323544002776,0.19350277503274294,0.12654962118275456,0.11241237310414252,-0.060784619651513605,0.04629819448891045,0.007037830375120512,0.05239600678093666,-0.07848567332403542,-0.09515592149816582,-0.03336976823287931,0.08464549890199041,0.028797400140271476,0.03495543495501127,0.04559841671649854,0.05404264703016949,-0.040103333687291756,-0.0029807772397477113,0.028267325154913914,0.029492830765419236,-0.014196679373900643,0.0741853307983855,0.1639504321753598,0.1732439413760165,0.10556129897706694,-0.07764360918620745,0.06815703037688864,0.11056058997301191,-0.10628080771072482,0.11862578211711325,0.07010813070608449,-0.0764205058949952,-0.1445509057490276,0.08339301909816516,-0.08595317922602883,-0.13661250971981642,0.11586096895410346,-0.08089992718861945,0.10441261898371504,-0.050800871247866815
P3_3,0.1406393458294406,0.11292103590277323,0.053382331908707385,0.12421593179648369,0.13041538878333697,0.32636780818854605,0.341550590489989,1.0,0.4577306548023892,0.2578935410059795,0.5159121333411264,0.3376175507328806,0.5136747423963385,0.5232766686937921,0.3632351991542284,0.18270167731213954,0.19086722718315996,0.2759615631642031,0.2741533031417718,0.1442597488721606,0.15769927650830823,0.22291835861578746,0.2023877892376322,0.1020961763846196,0.28291797280915637,0.15892730438041056,0.21053048543127575,0.14358789251068288,0.14032097915056616,0.1160845686574612,0.09265699956430533,0.14034322666652554,0.14232011385543,0.13070504180704723,0.08556921841026892,0.19879233219663403,0.1977522924812927,0.2879828829648192,0.09304036690949452,0.26358721714610195,0.3383816455383206,0.20809744666779773,0.07994574127600441,0.2645701725373415,0.15621126094310128,0.13760687365563692,0.19609656623433983,0.09128992655251073,0.20830650525948283,0.24079508556098367,0.16624390920305882,0.08432632529649647,0.20577467735182708,0.09594014658531566,0.09433841130293365,0.04585128987867769,0.0855233434086841,0.06846539176874746,0.1736520341218626,0.1325777214651613,0.2194266237883547,0.233466789813209,0.15976155928567104,0.18561839101552563,0.09923687143020174,0.05783127022501504,0.15049060727033814,0.09041083548171364,0.131105889829847,0.1158549097950796,0.12179532243319681,0.14432856699833363,0.1361752090195207,0.16345940183044289,0.11159591457587863,-0.00840064240663378,0.1323078065688635,0.03136962081970793,0.09417351544991492,0.0010550858599159873,-0.06046892800757781,-0.009765060021878227,0.14037156310900445,0.14427027472174356,0.11297333439954951,0.00039491270593056566,0.06148499720994516,0.04928475650994953,-0.009930566329321931,0.0917536497099918,0.01629569328017655,-0.018541240763178948,0.0865847754196217,0.14489668907997247,0.20076170074404084,0.07395606729844076,0.0022825998637745885,0.10592970624387422,0.12527236164914723,-0.019991953634637412,0.054432178361679365,-0.006583007401796097,-0.026124665045810496,-0.012960064670689006,0.06045021374902059,0.007382089773001684,-0.028477080606951238,0.0695581582338177,-0.015199737302693212,0.07787492380743104,0.0048141164459767315
P3_4,0.11600747451269809,0.1706818078053607,0.10511966666257724,0.14117464416333456,0.17124452565975104,0.35311097061380453,0.3550409588005036,0.4577306548023892,1.0,0.19817006571927956,0.4537266935112124,0.33302268592757933,0.3436950990380055,0.48435650713045036,0.33791106849652813,0.17181017810497207,0.21774700554891863,0.2388492403941496,0.29299674914758117,0.07193256592175926,0.15377852241353002,0.2116224896636146,0.16255861301962843,0.04396652998654771,0.28855398656703674,0.16944076694132,0.20821911367108825,0.10090585513106373,0.11551725287535104,0.17270714136529458,0.07012584951178961,0.16659418405050283,0.1623520850373973,0.11758599592628162,0.07160066230158099,0.2162161436144285,0.27778844256226637,0.31420757531153953,0.0360175748066156,0.2868544243835365,0.22704786650812167,0.22582430566779027,0.11663398083802648,0.24255428726621242,0.16844184627467326,0.20255347518412173,0.2509408921120344,0.05578303975334568,0.21725330616481195,0.19444211367265288,0.19542284149017702,0.0896613931170722,0.20190791547220793,0.1309086039677625,0.08289862115213988,0.06391074348542898,0.10005332420686548,0.08741597748753842,0.18929357756532633,0.14835077467752875,0.2389132713591675,0.2599580909497683,0.1110044922064047,0.18458351955583766,0.12321511613406301,0.06644727256503076,0.12926364369224647,0.08992928310393195,0.10494508648746638,0.101487236789032,0.15145811183114727,0.13189276743563158,0.1270604027745062,0.13994233290742816,0.1532142356614746,-0.041484573210160386,0.08471162327454872,0.027502903850519206,0.056267964488835386,-0.025852489815677768,-0.05499166324074162,-0.017884044245184992,0.13296144991814407,0.073704541468528,0.09733336527711531,0.017829175416590345,0.1021964889361759,0.03548127643060742,0.009595952480155512,0.10737898247833513,0.057669040427860266,-0.021691967648443757,0.12429513391006933,0.20108123473678793,0.19899946492662224,0.07491796422059449,-0.01295022587550997,0.09213833805282542,0.12891397719292402,-0.052877184262934245,0.07399031295600417,0.03327644869922817,-0.04655725276378691,-0.028494145836518377,0.05699037047771763,0.004944030441617915,-0.07202299769031685,0.10418660105301729,-0.031006867369329335,0.10998378095309772,-0.007667558203040787
P3_5,0.1419035066859609,0.11978897847029199,0.11689455078542194,0.10618244368397865,0.07307928376447803,0.2667387379488529,0.20120928023600046,0.2578935410059795,0.19817006571927956,1.0,0.21123699473929852,0.23724376376149792,0.3231875307162441,0.23059247762901436,0.29331651556570765,0.20869287416638405,0.21595625524894166,0.1774876671514808,0.1718351703959147,0.20198547282935547,0.2012199430298401,0.18213286963526248,0.2287221697309741,0.20538007587161375,0.13383540120982027,0.2220963787275329,0.2312743917061068,0.1978347439426163,0.22200273690635053,0.0027693969072435437,0.058195092247351476,-0.0016913975121261552,0.06384953680380373,0.09480512752051404,0.09989373486810867,0.11957166750516497,0.10942770525804726,0.15157874646830982,0.5059010607894282,0.12918558411215456,0.18037946384738077,0.1396995408634851,0.12311108445055635,0.18548438717938953,0.11862767747534038,0.06632238900866066,0.12276469012993857,0.42268818995481483,0.10833848609175553,0.1447734123943165,0.12413266179608166,0.13096324763889522,0.14911044884275362,0.05585581705725111,0.1205720177923804,0.10196100091027718,0.0762725132088747,0.06935821480507359,0.012532160584163421,0.002030963096202439,0.1316466126851361,0.10415194386704608,0.13992642460216884,0.13131938237783758,0.012455873783410636,0.03128455259328997,0.041385325508021244,0.1259665183616077,0.15717461737875246,0.13065784340327347,0.10604946988526337,0.06895923063004727,0.118197597998823,0.11154993570608036,0.012927761294687605,0.050096781569790576,0.09340490482095437,0.015890441954632954,0.02881059533196629,0.08745966297922014,0.042783230626210436,-0.004802489018172287,0.03520501898525686,0.08998783515990824,0.046845154244126434,0.007901502209160128,0.01602923797083495,0.06400384843172668,0.028730289788726077,0.032889329328984175,-0.02653764024711326,0.03640699091962677,0.030600157517864015,0.011583019978697937,0.01844787691412161,-0.007939574386621694,0.06731593516746828,0.006236976558424793,0.04038739618337798,0.06005588363567141,-0.029072877044360866,-0.011683380394124,0.06120777474132904,0.05565090970759469,-0.0005876964566431438,0.040939007182972185,0.06703572375171771,0.007953991023971037,0.034781965860908155,-0.021074651629220068,0.06086928175348103
P3_6,0.13852107218439427,0.1504974878077703,0.12998879443699266,0.14522525956247379,0.14648177804004558,0.40488091878948707,0.3335124980884667,0.5159121333411264,0.4537266935112124,0.21123699473929852,1.0,0.3726084240017567,0.45442013836290635,0.5109517594162922,0.34975892847533824,0.15417183360514394,0.23709515506062107,0.2562887919422772,0.30955773508837897,0.08859065049086659,0.1974234648679129,0.23021137585425624,0.23098443229459725,0.08637554493315859,0.29618129989443853,0.14658803908180743,0.24335826820453865,0.12043337759716627,0.13126682125801345,0.15595222462333946,0.12849665139498673,0.14711140127735428,0.14861892602948149,0.15724229704697076,0.10670740807967119,0.18434530364895405,0.2647310805843764,0.294432444107566,0.05575697658981781,0.3929286139314177,0.31195852026960447,0.3054010981003037,0.1854048088142633,0.3416465897701741,0.15722149465430718,0.19226240545686485,0.20446028425588822,0.06995755929229518,0.2945741136377887,0.23646518932620278,0.23558043984491286,0.1501002130804395,0.24674328026089376,0.16793905567702036,0.15027362900380503,0.11538871517460826,0.1567506987975117,0.1560850935220018,0.24686760638726774,0.21683367491493216,0.3283577567457859,0.35430910512553554,0.15628223381789705,0.26957499557670245,0.16109771929419595,0.02101387750166825,0.20421568383103655,0.09756624138502999,0.1130136043487654,0.11517528732686778,0.11009998784531881,0.12071446225885872,0.14724672636065592,0.17999422564440867,0.17232628244457263,-0.015331644618175697,0.16568580358220708,0.05893059458553083,0.07613880966302215,-0.012295724092824542,-0.03435425350550218,0.0007223210050239057,0.1664095200917186,0.16599079930186356,0.1327327486405494,0.03262054003580653,0.10332953764802223,0.061032469444106056,0.01385738220593485,0.11916523012483116,0.08058137933790462,0.003125597232995934,0.16212365213968094,0.2348470545175022,0.23016284326658978,0.08151496030840427,0.011906003003554167,0.1209273333856723,0.12120880749864613,-0.05243011482223315,0.1077940771687276,0.024354621435377224,-0.07385822219389153,-0.02597895476740399,0.10562356494335355,-0.0064833927131669605,-0.08762576940671407,0.11080934074937221,-0.003609003928858749,0.14692626363096858,-0.01471241401812816
P3_7,0.120112951760453,0.09835429223403289,0.09297727592444076,0.08388901629947122,0.10518920801821983,0.41506126559283124,0.23898943630063715,0.3376175507328806,0.33302268592757933,0.23724376376149792,0.3726084240017567,1.0,0.32148023185737035,0.3961100992386575,0.34273542574277677,0.2956249448151898,0.17271563866980222,0.20064046043666683,0.19695264906885956,0.10861493708563344,0.16518830226113362,0.2149398389687178,0.18315615239433863,0.07556810973316516,0.1897785755851274,0.16344845924566234,0.18848596671156886,0.13099885152970514,0.14005804273527667,0.13435495602517322,0.08364859639283935,0.13212166276957935,0.1347575218547777,0.11027428995882262,0.09703889656795467,0.41467220838257285,0.15684889558054416,0.22104217213573865,0.08392936174986965,0.24291968800529976,0.23372937391854498,0.2559953566665574,0.16721900355436067,0.2307601187570426,0.30373303883469127,0.11832121042278369,0.18592817614977925,0.04857452751112114,0.17676068939435075,0.18228608031221546,0.18074199033143684,0.1166763718168483,0.1816105763688089,0.10919227631937053,0.10678063615984162,0.07456722471709507,0.0789448023835676,0.10300686567816252,0.15702439023654097,0.1380359105776028,0.16683860369159753,0.1507767879964932,0.09494468631089109,0.11148495610820187,0.04423965679248336,0.028319925547053874,0.0854464403725438,0.0768333280793222,0.09911434628200443,0.09583085342661167,0.13414465945586246,0.07908042943569069,0.1182127557536426,0.1133181974804456,0.08594622644624418,-0.0014298431867069432,0.08999266740066487,-0.0012038571403577636,0.03926327557615182,-0.007892615507109128,-0.02340776552647943,-0.015363223732161877,0.06704908238880711,0.09352370477685176,0.06263706139735993,0.014366759104530273,0.06621726243442838,0.0161581012138871,0.023799982417371728,0.07872285900680322,0.0551037685111798,-0.038975111869689515,0.08530940593008546,0.09609118239409725,0.11208544112147192,0.017731824367440918,-0.02591080828345006,0.04789572929884657,0.05466037996201857,-0.04396560433387455,0.03447907456427784,0.060960057191333746,-0.08208586167664615,-0.020376042291763145,0.040417123410340636,-0.05765544688909845,-0.04186098838645932,0.06634125684699298,-0.052097426842756,0.08081367589373507,-0.06485165104357413
P3_8,0.1458733836213133,0.14904396027474293,0.11736751253531262,0.14065578944875906,0.1380542596197076,0.33723637917858007,0.2817445447223297,0.5136747423963385,0.3436950990380055,0.3231875307162441,0.45442013836290635,0.32148023185737035,1.0,0.46406608705891655,0.3612057997552932,0.1945931237501411,0.21884571189482416,0.304403747770851,0.3265918747823337,0.15149800222333532,0.18599472208504864,0.2571336853534392,0.2297834360994061,0.19616140439348004,0.29492001444442345,0.1801826249083485,0.2743798421020251,0.16431347035188712,0.19767650067220044,0.0713699442396928,0.09815664104145744,0.07899892366143756,0.1061478743171102,0.11921172974565036,0.08417805254212175,0.18607460837290185,0.15564660330222546,0.2504093948287965,0.14436654795129508,0.25379610451848356,0.2826197061836819,0.21472496130250884,0.14123461823098515,0.29269597491794114,0.16837340775301463,0.15185428511269727,0.1484539266341508,0.14110222817752818,0.2051961180357367,0.21737488752684778,0.1676759404893055,0.11572946997043707,0.21119390279308234,0.060648013520010695,0.0893158415503697,0.09316746166372958,0.06870543930597081,0.06534421308993169,0.1285136836637717,0.11200112094902973,0.2046720385951758,0.18671110134677382,0.1531891120890733,0.19868350906466478,0.09755515748500498,0.04124828068639279,0.122110416922054,0.11279814860439955,0.16380275568931552,0.14482786813853124,0.13169680103449058,0.13493332905535177,0.14540092019302903,0.1576086237156653,0.10929953391801576,0.0662270304708918,0.15417983849424466,0.05921357636411747,0.08317014694037786,0.09165830053187612,-0.030164297299959106,0.0012189370558989662,0.11521128527432821,0.13885560038171582,0.11378542328983106,0.006515478447618984,0.044443717281707214,0.09877535414625303,-0.027742209498257335,0.08324234153708403,-0.023527366520633936,0.05022616395133013,0.08455905685454228,0.12279372929504738,0.12064264355279067,0.021296813037710263,0.07055398233133832,0.02752430095079485,0.059812560435732014,0.03492620665489881,0.006715942386162186,-0.05156958024629195,0.011955122160457689,0.09082644126261376,0.03323307427324163,0.10394657458447806,0.036588122572038376,0.033738426775327096,0.022419886626842148,0.02470781692462993,0.07964764255869063
P3_9,0.12473601313678258,0.13070085393940747,0.10045832638666893,0.11679533694476461,0.16117000374640103,0.3900986325250942,0.3185592916379064,0.5232766686937921,0.48435650713045036,0.23059247762901436,0.5109517594162922,0.3961100992386575,0.46406608705891655,1.0,0.3770698455926862,0.16325750057870428,0.20165300853755744,0.2606540568779724,0.3149791864875156,0.08194084782691774,0.15318173359119194,0.2460907955466706,0.19248162253793963,0.08641929044400595,0.29869009990369955,0.1560205625386127,0.22059353609358215,0.11097786124256175,0.12036029434390062,0.11516935638930428,0.1070403052874121,0.14244825554522406,0.12676070274996798,0.1567127298985916,0.07524013531850927,0.20098372427578534,0.2176070292625363,0.26269526030384693,0.08215601446159021,0.2991397623248974,0.2824477098455691,0.24190777723779106,0.1003075346132738,0.2672161297496201,0.18338932207917616,0.1677404793180133,0.1775495442851367,0.06384450671263861,0.2501860478657573,0.20480366939689618,0.20051253168603123,0.10326518671530038,0.20383574831250095,0.11577106228261709,0.08698643418673714,0.08356520367255287,0.10249660183514908,0.09734248915028093,0.1736435113898358,0.16062210380636796,0.2878928931821164,0.26960671931585484,0.1587434663375446,0.20540769203210402,0.09844633821324156,0.05270870059368785,0.1540260953242793,0.09059453890150153,0.07021558096656177,0.07488638819687311,0.1634478858659029,0.10838813105103125,0.10380145539236535,0.1645757883412181,0.14638473116477493,-0.017184444451313313,0.16864987576130083,0.007526436493148864,0.07721242461522045,0.0021281553474543293,-0.057125930322046305,0.0069195439758895725,0.15681236060680567,0.1304653576391404,0.12971297237531898,0.016415050532968028,0.11999538656171892,0.0831968172090184,-0.0034775530262989482,0.094888207328182,0.05389374401410356,0.008228562613660092,0.1188402047976448,0.19553184090124873,0.1919206248144534,0.06910753695520322,-0.017549324899879155,0.0810787178525962,0.1335402647871099,-0.015403671606669826,0.09972895795870955,0.01689414672929565,-0.04975000985408008,-0.013418391255929207,0.07841327427538423,0.0391375288374482,-0.05303240619061422,0.09437162910109304,0.03432962529512669,0.13270890572386207,0.006934379598251137
P3_10,0.16535842054060243,0.16865459483790352,0.15530111774919667,0.17393826303293033,0.14199288681092245,0.3756444140695313,0.4333100096369639,0.3632351991542284,0.33791106849652813,0.29331651556570765,0.34975892847533824,0.34273542574277677,0.3612057997552932,0.3770698455926862,1.0,0.2573154807092334,0.29661236448203937,0.22153452321348907,0.20767785627219398,0.17545779715567217,0.26168405537689116,0.2618693282289411,0.28487133556071853,0.1824770086956303,0.2271627944616123,0.23680875517372152,0.26383303630143046,0.19666825380065717,0.21685604441964385,0.0534354817421858,0.05748578045234236,0.06358495651699085,0.06867685464014012,0.09681691083790506,0.08069347521650215,0.15293807917934318,0.21369064129896953,0.18304961074991433,0.12262626746331468,0.18832368725591045,0.18864540169385025,0.1839452141498402,0.14623680163352987,0.17190532753405582,0.1076260826198765,0.1210127765970091,0.1312757418781941,0.07451862063506919,0.16056649502499587,0.17474182817952863,0.13611749437519896,0.1314380507775713,0.1437184500070911,0.058711236546210584,0.06946084408861872,0.0720442468714927,0.04931778874953898,0.032471028930709515,0.060047139369828605,0.0878608151290013,0.149275584288956,0.17768061455045833,0.11202031264822045,0.130142055764939,0.033723009326686634,0.12440961265086789,0.06312514085284941,0.15998410771424873,0.18488518414440683,0.17858156377648973,0.1830755220751995,0.1699841105442116,0.16606240132769853,0.13132429381252375,0.1480565121760565,0.021825557188618457,0.10963963572301635,0.037945064406636066,0.08553676159006614,-0.0010121554686054253,-0.03830591693144326,0.030105033520271916,0.08820440415045523,0.10997959560098738,0.08407610576824803,0.004298462538278042,0.07431973157357312,0.012795894435646321,0.0009180060445938256,0.07221180032902323,0.03649885931503193,-0.021351770233274583,0.03984676373887328,0.09466526892556394,0.12038288533378909,0.05982891501035814,-0.01352692411600377,0.05214573392910442,0.08759703437120288,-0.02678049627121537,0.057185354169792035,0.03330533306649664,-0.024915539376495464,-0.038489486522844854,0.06477527888814814,-0.008007459193799507,-0.03227861499530029,0.09006845664307411,-0.05546368225107577,0.08529222936409993,-0.028687771110664444
P4_1,0.18895046334384524,0.18051016203898496,0.1574254763950752,0.1877025332806187,0.11539897565996975,0.23478738437873967,0.2112852758393158,0.18270167731213954,0.17181017810497207,0.20869287416638405,0.15417183360514394,0.2956249448151898,0.1945931237501411,0.16325750057870428,0.2573154807092334,1.0,0.3806884322950121,0.2954696846331803,0.26844495877284613,0.37013953772296326,0.40074559433197443,0.3334745360235018,0.4101192953273786,0.38025661615930356,0.288182489699503,0.3730416441238434,0.37847846850388195,0.35765680866144356,0.3585366963622534,-0.01236729224373159,0.0730251027633518,0.05157817064742351,0.06773045644490419,0.08175901290939579,0.11297960059635291,0.24359660612121603,0.1595450130714947,0.1517300657649545,0.15704383909452196,0.16278371898458166,0.17792321804621078,0.16645102305415177,0.18741109846001136,0.16454466397323056,0.22257352242198103,0.09543784593187755,0.15959490525830902,0.11305945030790515,0.17118667927888165,0.18572939211187453,0.17982554803360218,0.17497611149213246,0.16690026419555007,0.06776730545929852,0.08594229256933857,0.10150325567332073,0.08931746372731215,0.07851938104879773,0.07499102811595229,0.09479903451690624,0.06149900317770603,0.10377390513209586,0.12218483184355748,0.07580106745241334,-0.03348639403198505,0.188649789196969,0.017037377998125713,0.1894076807584514,0.21036393963516284,0.23664594951367954,0.17567512672167918,0.14026344148843245,0.13519100341808848,0.15876775247051766,0.05405362166226621,0.03376673146956842,0.01685134530297633,0.010330605955547124,0.0815249709276839,0.03231540778268545,0.0628892744501116,-0.013817634269230742,0.01625346900715836,0.033261584070506764,0.022604528646966715,0.06753254982655338,0.0257830957110075,-0.007071303687479352,0.09316201392551639,0.05831205386470592,0.0676509810685518,-0.048309451705872676,0.023560044852054908,0.0811459869729637,0.0689952826600225,0.05787334305007703,0.006305873202548319,0.00694850728463833,0.03640211712559205,0.018754541206022667,0.04813238968564869,0.08507241419631867,-0.0028626097321990704,-0.026553248088341235,0.03915810765995945,-0.07453213094200707,-0.019922979649637514,0.06402373969813234,-0.0589373615958799,0.028513044535427846,-0.024968477474034002
P4_2,0.24515744593165953,0.2248929837191243,0.23607403459162224,0.21676038150710322,0.19424603779592953,0.24165513742640674,0.23073656288035235,0.19086722718315996,0.21774700554891863,0.21595625524894166,0.23709515506062107,0.17271563866980222,0.21884571189482416,0.20165300853755744,0.29661236448203937,0.3806884322950121,1.0,0.37120189750180327,0.3548813892618866,0.38951625754818336,0.4842695113554702,0.390820297749542,0.4584831513158826,0.37693680551488407,0.29943871481270756,0.391320716792273,0.44166269978322087,0.3864059663527346,0.4177298651388508,0.01129429128985771,0.08027997850113265,0.0990154404473645,0.1159277895404695,0.09254775283531376,0.1061636079070289,0.16357256693483968,0.2246113656786104,0.19032341283931822,0.17643582499214125,0.1933826042730518,0.20101354237967137,0.1765424627687429,0.2122629164481753,0.19735345862113124,0.1640087852596789,0.1679442384061473,0.20633331308408093,0.16207063591873172,0.18319573808380937,0.22129903155492073,0.2007670923225943,0.18782961825279568,0.20509391627325416,0.10926934673671972,0.1353486790905174,0.10541735995209085,0.10977869983893941,0.09936752978001906,0.0867966025901874,0.09871488090357515,0.08935395633124496,0.087428381915965,0.10581832597209798,0.09307739926382684,-0.01660974820846383,0.16549648970787442,0.040647823441212705,0.2419257995276397,0.23817630575057613,0.24811800915539625,0.18771939376421704,0.14854209622663364,0.15169651470857265,0.19965622004144987,0.09543928147123384,0.08457490555287138,0.0637437170064217,0.0664554265189381,0.10638544175903628,0.05220869977998625,0.09575629687590657,0.0030594181503336413,0.076005915628233,0.0955956103165553,0.08264166547086116,0.0953402843068468,0.040207034171401056,0.001315186111720616,0.08258450301364047,0.08952371342107658,0.06821812540795542,0.0058159444028765645,0.052794919707752,0.15431929013045328,0.08305103880123499,0.07724544147841209,-0.004101826786309584,0.03386682348210434,0.05107941537575764,-0.010458228085317309,0.06293356153030699,0.07450795770593875,0.008140282377069506,0.0013951462918779514,0.07931930948204921,-0.044787719447013576,-0.01807002772016348,0.08293875754615901,-0.01930878566194764,0.08506259708860746,-0.0016118032404979837
